0 0 160 
0 3 164 
0 5 167 
0 8 171 
0 11 174 
0 13 178 
0 16 181 
0 19 185 
0 21 188 
0 24 192 
0 26 196 
0 29 199 
0 32 203 
0 34 206 
0 37 210 
0 40 213 
0 42 217 
0 45 221 
0 48 224 
0 50 228 
0 53 231 
0 56 235 
0 58 238 
0 61 242 
0 64 245 
0 66 255 
0 69 255 
0 72 255 
0 75 255 
0 77 255 
0 80 255 
0 83 255 
0 86 255 
0 89 255 
0 92 255 
0 95 255 
0 97 255 
0 100 255 
0 103 255 
0 106 255 
0 109 255 
0 112 255 
0 115 255 
0 117 255 
0 120 255 
0 123 255 
0 126 255 
0 129 255 
0 132 255 
0 134 255 
0 137 255 
0 139 255 
0 142 255 
0 144 255 
0 147 255 
0 149 255 
0 152 255 
0 154 255 
0 157 255 
0 159 255 
0 162 255 
0 164 255 
0 167 255 
0 169 255 
0 172 255 
0 174 255 
0 176 255 
0 179 255 
0 181 255 
0 184 255 
0 186 255 
0 189 255 
0 192 255 
0 195 255 
0 198 255 
0 200 255 
0 203 255 
0 206 255 
0 209 255 
0 212 255 
0 215 255 
0 218 255 
0 220 255 
0 223 255 
0 226 255 
0 229 255 
0 232 255 
0 235 255 
0 238 255 
0 240 255 
0 243 255 
0 246 255 
0 249 255 
0 252 255 
0 255 255 
3 255 252 
6 255 249 
9 255 246 
11 255 244 
14 255 241 
17 255 238 
20 255 235 
23 255 232 
26 255 229 
29 255 226 
31 255 224 
34 255 221 
37 255 218 
40 255 215 
43 255 212 
46 255 209 
49 255 206 
51 255 204 
54 255 201 
57 255 198 
60 255 195 
63 255 192 
66 255 189 
69 255 187 
72 255 184 
75 255 182 
77 255 179 
80 255 177 
83 255 174 
86 255 172 
89 255 169 
92 255 167 
95 255 164 
97 255 162 
100 255 159 
103 255 157 
106 255 154 
109 255 152 
112 255 149 
115 255 147 
117 255 145 
120 255 142 
123 255 140 
126 255 137 
129 255 135 
132 255 132 
134 255 129 
137 255 126 
139 255 123 
142 255 121 
144 255 118 
147 255 115 
149 255 112 
152 255 109 
154 255 106 
157 255 103 
159 255 101 
162 255 98 
164 255 95 
167 255 92 
169 255 89 
172 255 86 
174 255 83 
176 255 81 
179 255 78 
181 255 75 
184 255 72 
186 255 69 
189 255 66 
192 255 63.14 
195 255 60.28 
198 255 57.42 
200 255 54.56 
203 255 51.7 
206 255 48.84 
209 255 45.98 
212 255 43.12 
215 255 40.26 
218 255 37.4 
220 255 34.54 
223 255 31.68 
226 255 28.82 
229 255 25.96 
232 255 23.1 
235 255 20.24 
238 255 17.38 
240 255 14.52 
243 255 11.66 
246 255 8.8 
249 255 5.94 
252 255 3.08 
255 255 0 
255 252 0 
255 249 0 
255 246 0 
255 244 0 
255 241 0 
255 238 0 
255 235 0 
255 232 0 
255 229 0 
255 226 0 
255 224 0 
255 221 0 
255 218 0 
255 215 0 
255 212 0 
255 209 0 
255 206 0 
255 204 0 
255 201 0 
255 198 0 
255 195 0 
255 192 0 
255 189 0 
255 184 0 
255 178 0 
255 173 0 
255 168 0 
255 162 0 
255 157 0 
255 152 0 
255 146 0 
255 141 0 
255 136 0 
255 130 0 
255 125 0 
255 119 0 
255 114 0 
255 109 0 
255 103 0 
255 98 0 
255 93 0 
255 87 0 
255 82 0 
255 77 0 
255 71 0 
255 66 0 
250 63 0 
244 60 0 
239 57 0 
234 55 0 
228 52 0 
223 49 0 
218 46 0 
212 43 0 
207 40 0 
202 37 0 
196 35 0 
191 32 0 
186 29 0 
180 26 0 
175 23 0 
170 20 0 
164 17 0 
159 15 0 
154 12 0 
148 9 0 
143 6 0 
138 3 0 
132 0 0 